x_values = [0.00 3.30 9.30 19.72 31.34 39.78 44.55 45.61 43.80 41.69 39.66 38.60 38.68 39.02 39.09 39.16 39.23 39.23 39.23 39.23 39.23 39.23 39.23 39.23 39.23 39.23 39.23 39.23 39.23 39.23 39.23 39.23 39.23 39.23 39.23 39.23 39.23 39.23 39.23 39.23 39.23 39.23 39.23 39.23 39.23 39.23 39.23 39.23 39.23 39.23 39.23 39.23 39.23 39.23 39.23 39.23 39.23 39.23 39.23 39.23 39.23 39.23 39.23 39.23 39.23 39.23 39.23 39.23 39.23 39.23 39.23 39.23 39.23 39.23 39.23 39.23 39.23 39.23 39.23 39.23 39.23 39.23 39.23 39.23 39.23 39.23 39.23 39.23 39.23 39.23 39.23 39.23 39.23 39.23 39.23 39.23 39.23 39.23 39.23 39.23 39.23 39.23 39.23 39.23 39.23 39.23 39.23 39.23 39.23 39.23 39.23 39.23 39.23 39.23 39.23 39.23 39.23 39.23 39.23 39.23 39.23 39.23 39.23 39.23 39.23 39.23 39.23 39.23 39.23 39.23 39.23 39.23 39.23 39.23 39.23 39.23 39.23 39.23 39.23 39.23 39.23 39.23 39.23 39.23 39.23 39.23 39.23 39.23 39.23 39.23 39.23 39.23 39.23 39.23 39.23 39.23 39.23 39.23 39.23 39.23 39.23 39.23 39.30 39.30 39.30 39.30 39.30 39.30 39.30 39.30 39.30 39.30 39.30 39.30 39.30 39.30 39.30 39.30 39.30 39.30 39.30 39.30 39.30 39.30 39.30 39.30 39.30 39.30 39.30 39.30 39.30 39.30 39.30 39.30 39.30 39.30 39.30 39.30 39.30 39.30 39.30 39.30 39.30 39.30 39.30 39.30 39.30 39.30 39.30 39.30 39.30 39.30 39.30 39.30 39.30 39.30 39.30 39.30 39.30 39.30 39.30 39.30 39.30 39.30 39.30 39.30 39.30 39.30 39.30 39.30 39.30 39.30 39.30 39.30 39.30 39.30 39.30 39.30 39.30 39.30 39.30 39.30 39.30 39.30 39.30 39.30 39.30 39.30 39.30 39.30 39.30 39.30 39.30 39.30 39.30 39.30 39.30 39.30 39.30 39.30 39.30 39.30 39.30 39.30 39.30 39.30 39.30 39.30 39.30 39.30 39.30 39.30 39.30 39.30 39.30 39.30 39.30 39.30 39.30 39.30 39.30 39.30 39.30 39.30 39.30 39.30 39.30 39.30 39.30 39.30 39.30 39.30 39.30 39.30 39.30 39.30 39.30 39.30 39.30 39.30 ];
t_values = [0 15 31 46 62 78 93 109 125 140 156 171 187 203 218 234 250 265 281 296 312 328 343 359 375 390 406 421 437 453 468 484 500 515 531 546 562 578 593 609 625 640 656 671 687 703 718 734 750 765 781 796 812 828 843 859 875 890 906 921 937 953 968 984 1000 1015 1031 1046 1062 1078 1093 1109 1125 1140 1156 1171 1187 1203 1218 1234 1250 1265 1281 1296 1312 1328 1343 1359 1375 1390 1406 1421 1437 1453 1468 1484 1500 1515 1531 1546 1562 1578 1593 1609 1625 1640 1656 1671 1687 1703 1718 1734 1750 1765 1781 1796 1812 1828 1843 1859 1875 1890 1906 1921 1937 1953 1968 1984 2000 2015 2031 2046 2062 2078 2093 2109 2125 2140 2156 2171 2187 2203 2218 2234 2250 2265 2281 2296 2312 2328 2343 2359 2375 2390 2406 2421 2437 2453 2468 2484 2500 2515 2531 2546 2562 2578 2593 2609 2625 2640 2656 2671 2687 2703 2718 2734 2750 2765 2781 2796 2812 2828 2843 2859 2875 2890 2906 2921 2937 2953 2968 2984 3000 3015 3031 3046 3062 3078 3093 3109 3125 3140 3156 3171 3187 3203 3218 3234 3250 3265 3281 3296 3312 3328 3343 3359 3375 3390 3406 3421 3437 3453 3468 3484 3500 3515 3531 3546 3562 3578 3593 3609 3625 3640 3656 3671 3687 3703 3718 3734 3750 3765 3781 3796 3812 3828 3843 3859 3875 3890 3906 3921 3937 3953 3968 3984 4000 4015 4031 4046 4062 4078 4093 4109 4125 4140 4156 4171 4187 4203 4218 4234 4250 4265 4281 4296 4312 4328 4343 4359 4375 4390 4406 4421 4437 4453 4468 4484 4500 4515 4531 4546 4562 4578 4593 4609 4625 4640 4656 4671 ];
